{
    "ximat": [
        [
            [
                1.0,
                0.0,
                0.0,
                0.0,
                1.0,
                0.0,
                0.0,
                0.0,
                1.0
            ],
            [
                0.9972119831774111,
                -0.04362000491290627,
                0.06054383353218668,
                1.4140931099693166e-09,
                -0.8113535371451908,
                -0.5845557610373779,
                0.07462077865698735,
                0.5829260098274789,
                -0.8090914697728802
            ],
            [
                0.060543833532186564,
                -0.04362000491290624,
                -0.9972119831774111,
                -0.5845557610373777,
                -0.8113535371451907,
                -1.4140931203776574e-09,
                -0.8090914697728799,
                0.5829260098274789,
                -0.07462077865698724
            ],
            [
                0.3045808349948288,
                0.6167703162617698,
                -0.7258270399566347,
                -0.9429529558893074,
                0.08770652961641917,
                -0.3211655144038082,
                -0.1344255851148562,
                0.7822416133401504,
                0.6082991208488862
            ],
            [
                0.9947754684833402,
                0.08278087367013176,
                -0.05974189700839082,
                0.09974567862569608,
                -0.9127627246475468,
                0.3961249904884654,
                -0.021738603893784115,
                -0.4000144190506101,
                -0.9162510014468485
            ],
            [
                0.946851176667707,
                0.3070767329565687,
                0.09579524685338131,
                -0.0895119976384281,
                0.537568006101159,
                -0.8384558671123983,
                -0.30896674824608245,
                0.7853181004492038,
                0.5364839509110197
            ],
            [
                0.033328807585730674,
                -0.9723222880791674,
                0.23125431604492597,
                -0.6655718392791353,
                -0.19420520405887534,
                -0.720623664248573,
                0.7455892417031665,
                -0.12989883302379485,
                -0.6536229615271744
            ],
            [
                -0.21869132050904092,
                -0.08224034556411502,
                0.9723222880791671,
                0.9521710792843614,
                -0.23591221776522023,
                0.19420520405887537,
                0.21341120427115828,
                0.9682881549779436,
                0.12989883302379474
            ],
            [
                0.24663450150027538,
                -0.7196105668103452,
                0.6491009588689614,
                0.9489006989722435,
                0.0432523248557789,
                -0.3125967048523681,
                0.1968727664246609,
                0.6930294860462032,
                0.6935064854136817
            ],
            [
                0.9832729462856816,
                -0.15933506509239637,
                0.08824199756735657,
                -0.023161137299340648,
                -0.5899266720935187,
                -0.807124577293783,
                0.18065955502457276,
                0.7915799761140174,
                -0.5837493182811054
            ],
            [
                0.9154729443354024,
                -0.35965647596754685,
                -0.18043421927249592,
                0.30847021024297533,
                0.9152316976646881,
                -0.25922397455186885,
                0.2583706979951952,
                0.1816539536713108,
                0.9488131657671373
            ],
            [
                -0.15856287849101436,
                -0.9393140103103845,
                -0.3042153901420304,
                -0.1920383176660614,
                0.33156916456437197,
                -0.9236791508191978,
                0.9684932101530883,
                -0.08804021322502764,
                -0.23295884345235524
            ],
            [
                0.27699934899537004,
                -0.202387130743941,
                0.9393140103103839,
                0.8844395814153087,
                -0.3283725261589311,
                -0.331569164564372,
                0.37555024628144595,
                0.9226109328277207,
                0.08804021322502745
            ],
            [
                -0.1696731419594777,
                -0.06523337125019271,
                0.9833390219923812,
                0.3418389092416275,
                -0.9397525642202497,
                -0.0033582986703623863,
                0.9243144405591057,
                0.33557372560556575,
                0.18175007471004567
            ],
            [
                -0.30811764623293986,
                -0.20950115356353569,
                0.9279939561955245,
                0.31478119308505065,
                -0.9429581300142551,
                -0.1083640416373043,
                0.8977618373264845,
                0.25872617126136893,
                0.35648906258763086
            ],
            [
                -0.3274877339084142,
                -0.3504430033350281,
                0.8774630964052317,
                0.4354440831079759,
                -0.8801519540138529,
                -0.188999969131877,
                0.8385345756889131,
                0.320190941875503,
                0.44083730118388614
            ],
            [
                0.9321078587658097,
                0.11816048612274206,
                0.3423638987192633,
                -0.22980482972242006,
                -0.5376787563096085,
                0.8112282633449117,
                0.27993692122202496,
                -0.8348291169650164,
                -0.4740207438542579
            ],
            [
                0.8955480356737475,
                -0.08591117557864081,
                0.436592470974464,
                -0.42588451253098525,
                -0.4497354792684187,
                0.7850862249928033,
                0.12890344365895473,
                -0.8890203983024808,
                -0.4393479641638971
            ],
            [
                0.8681678284573384,
                -0.16676210195877034,
                0.4674131181106952,
                -0.49464667940720847,
                -0.3669104293232534,
                0.7878460505741264,
                0.04011588442365868,
                -0.9151869416704542,
                -0.40102815064879066
            ],
            [
                0.8681678284573384,
                -0.31667626374411617,
                0.38210046533959746,
                -0.4946466794072084,
                -0.6144134811042681,
                0.6146712428516223,
                0.04011588442365871,
                -0.7226425245018471,
                -0.6900568799733144
            ],
            [
                0.5226410012023875,
                -0.4981972788000945,
                -0.6918423630122312,
                -0.09171506563336168,
                -0.8396407777808891,
                0.5353426108795871,
                -0.8476052917473058,
                -0.21633963040480067,
                -0.484522892873268
            ],
            [
                -0.7501230059008593,
                -0.38068204219439666,
                -0.5407371438776537,
                0.11522894891372204,
                -0.8804234222842258,
                0.4599748762982281,
                -0.6511818220362863,
                0.28272916412007276,
                0.7042914555817548
            ],
            [
                -0.8870614598069768,
                -0.4597435576055678,
                -0.041926456626939446,
                0.3570515045402564,
                -0.7408069948814189,
                0.5689632847911191,
                -0.2926366170366482,
                0.4897354975646925,
                0.8212934632604892
            ],
            [
                -0.8870618020477677,
                -0.45974289726158474,
                -0.04192645662693947,
                0.3570509530706489,
                -0.7408072606765141,
                0.5689632847911194,
                -0.29263625246901315,
                0.4897357154083037,
                0.8212934632604894
            ],
            [
                -0.6568939911352946,
                0.051169648911974286,
                0.7522446087813248,
                0.6547909235716042,
                -0.4559309122383409,
                0.6028066436874759,
                0.3738169750273371,
                0.8885430041904214,
                0.2659928549522932
            ],
            [
                -0.04252999562486823,
                -0.6663582414568905,
                -0.7444178218679545,
                -0.5271791525360661,
                0.6478916342425162,
                -0.5498350401801593,
                0.8486891896351128,
                0.3690570746118308,
                -0.3788450013863897
            ],
            [
                0.5041871907017335,
                0.05116964891197445,
                0.8620771101024074,
                0.7797969521023731,
                -0.4559309122383408,
                -0.4290031663721874,
                0.37109566182339315,
                0.8885430041904212,
                -0.26977646205723393
            ],
            [
                -0.3431536319971514,
                0.15784366416387463,
                0.9259216827197032,
                0.053054628085245095,
                -0.9809478236012819,
                0.18688652656263377,
                0.9377797136246342,
                0.11325522087405798,
                0.3282414715706539
            ],
            [
                -0.6295654538298672,
                -0.7729070824711469,
                0.07913268104855946,
                0.7714796532257496,
                -0.6339461027092888,
                -0.054143176101711044,
                0.09201349902416646,
                0.026962580099902368,
                0.9953926538164153
            ],
            [
                -0.6457021961345426,
                -0.7635866550307081,
                -0.002023404567152637,
                0.6988493583843988,
                -0.5920228547798401,
                0.40139570713205436,
                -0.30769830710087154,
                0.25776803463063863,
                0.915902501432284
            ],
            [
                -0.6456870000539638,
                -0.7635994485621854,
                -0.0020445334038354246,
                0.6988570036034335,
                -0.5920165887844507,
                0.4013916380773941,
                -0.30771283118476483,
                0.25774452614856735,
                0.9159042377698159
            ],
            [
                -0.4580154311318195,
                -0.4421139054273058,
                0.7712050048287734,
                0.7779933085383521,
                -0.6190681518339185,
                0.1071495928806282,
                0.43005613205101667,
                0.6490685002468932,
                0.6275044264963928
            ],
            [
                -0.5343560986558483,
                -0.4489977332292836,
                -0.716145652353114,
                -0.6275779043542367,
                0.7783045347273863,
                -0.01969835498543232,
                0.5662239254885355,
                0.43891125159621125,
                -0.6976728312229175
            ],
            [
                -0.45801465998266244,
                -0.7715572622397758,
                -0.4414996742082916,
                0.7779934156809093,
                -0.1076417290094106,
                -0.6189826357281891,
                0.4300567595075302,
                -0.6269869609975363,
                0.6495679597555255
            ]
        ],
        [
            [
                1.0,
                0.0,
                0.0,
                0.0,
                1.0,
                0.0,
                0.0,
                0.0,
                1.0
            ],
            [
                0.9972119831774111,
                -0.04362000491290627,
                0.06054383353218668,
                1.4140931099693166e-09,
                -0.8113535371451908,
                -0.5845557610373779,
                0.07462077865698735,
                0.5829260098274789,
                -0.8090914697728802
            ],
            [
                0.060543833532186564,
                -0.04362000491290624,
                -0.9972119831774111,
                -0.5845557610373777,
                -0.8113535371451907,
                -1.4140931203776574e-09,
                -0.8090914697728799,
                0.5829260098274789,
                -0.07462077865698724
            ],
            [
                0.3045808349948288,
                0.6167703162617698,
                -0.7258270399566347,
                -0.9429529558893074,
                0.08770652961641917,
                -0.3211655144038082,
                -0.1344255851148562,
                0.7822416133401504,
                0.6082991208488862
            ],
            [
                0.9947754684833402,
                0.08278087367013176,
                -0.05974189700839082,
                0.09974567862569608,
                -0.9127627246475468,
                0.3961249904884654,
                -0.021738603893784115,
                -0.4000144190506101,
                -0.9162510014468485
            ],
            [
                0.946851176667707,
                0.3070767329565687,
                0.09579524685338131,
                -0.0895119976384281,
                0.537568006101159,
                -0.8384558671123983,
                -0.30896674824608245,
                0.7853181004492038,
                0.5364839509110197
            ],
            [
                0.033328807585730674,
                -0.9723222880791674,
                0.23125431604492597,
                -0.6655718392791353,
                -0.19420520405887534,
                -0.720623664248573,
                0.7455892417031665,
                -0.12989883302379485,
                -0.6536229615271744
            ],
            [
                -0.21869132050904092,
                -0.08224034556411502,
                0.9723222880791671,
                0.9521710792843614,
                -0.23591221776522023,
                0.19420520405887537,
                0.21341120427115828,
                0.9682881549779436,
                0.12989883302379474
            ],
            [
                0.24663450150027538,
                -0.7196105668103452,
                0.6491009588689614,
                0.9489006989722435,
                0.0432523248557789,
                -0.3125967048523681,
                0.1968727664246609,
                0.6930294860462032,
                0.6935064854136817
            ],
            [
                0.9832729462856816,
                -0.15933506509239637,
                0.08824199756735657,
                -0.023161137299340648,
                -0.5899266720935187,
                -0.807124577293783,
                0.18065955502457276,
                0.7915799761140174,
                -0.5837493182811054
            ],
            [
                0.9154729443354024,
                -0.35965647596754685,
                -0.18043421927249592,
                0.30847021024297533,
                0.9152316976646881,
                -0.25922397455186885,
                0.2583706979951952,
                0.1816539536713108,
                0.9488131657671373
            ],
            [
                -0.15856287849101436,
                -0.9393140103103845,
                -0.3042153901420304,
                -0.1920383176660614,
                0.33156916456437197,
                -0.9236791508191978,
                0.9684932101530883,
                -0.08804021322502764,
                -0.23295884345235524
            ],
            [
                0.27699934899537004,
                -0.202387130743941,
                0.9393140103103839,
                0.8844395814153087,
                -0.3283725261589311,
                -0.331569164564372,
                0.37555024628144595,
                0.9226109328277207,
                0.08804021322502745
            ],
            [
                -0.1696731419594777,
                -0.06523337125019271,
                0.9833390219923812,
                0.3418389092416275,
                -0.9397525642202497,
                -0.0033582986703623863,
                0.9243144405591057,
                0.33557372560556575,
                0.18175007471004567
            ],
            [
                -0.30811764623293986,
                -0.20950115356353569,
                0.9279939561955245,
                0.31478119308505065,
                -0.9429581300142551,
                -0.1083640416373043,
                0.8977618373264845,
                0.25872617126136893,
                0.35648906258763086
            ],
            [
                -0.3274877339084142,
                -0.3504430033350281,
                0.8774630964052317,
                0.4354440831079759,
                -0.8801519540138529,
                -0.188999969131877,
                0.8385345756889131,
                0.320190941875503,
                0.44083730118388614
            ],
            [
                0.9321078587658097,
                0.11816048612274206,
                0.3423638987192633,
                -0.22980482972242006,
                -0.5376787563096085,
                0.8112282633449117,
                0.27993692122202496,
                -0.8348291169650164,
                -0.4740207438542579
            ],
            [
                0.8955480356737475,
                -0.08591117557864081,
                0.436592470974464,
                -0.42588451253098525,
                -0.4497354792684187,
                0.7850862249928033,
                0.12890344365895473,
                -0.8890203983024808,
                -0.4393479641638971
            ],
            [
                0.8681678284573384,
                -0.16676210195877034,
                0.4674131181106952,
                -0.49464667940720847,
                -0.3669104293232534,
                0.7878460505741264,
                0.04011588442365868,
                -0.9151869416704542,
                -0.40102815064879066
            ],
            [
                0.8681678284573384,
                -0.31667626374411617,
                0.38210046533959746,
                -0.4946466794072084,
                -0.6144134811042681,
                0.6146712428516223,
                0.04011588442365871,
                -0.7226425245018471,
                -0.6900568799733144
            ],
            [
                0.5226410012023875,
                -0.4981972788000945,
                -0.6918423630122312,
                -0.09171506563336168,
                -0.8396407777808891,
                0.5353426108795871,
                -0.8476052917473058,
                -0.21633963040480067,
                -0.484522892873268
            ],
            [
                -0.7501230059008593,
                -0.38068204219439666,
                -0.5407371438776537,
                0.11522894891372204,
                -0.8804234222842258,
                0.4599748762982281,
                -0.6511818220362863,
                0.28272916412007276,
                0.7042914555817548
            ],
            [
                -0.8870614598069768,
                -0.4597435576055678,
                -0.041926456626939446,
                0.3570515045402564,
                -0.7408069948814189,
                0.5689632847911191,
                -0.2926366170366482,
                0.4897354975646925,
                0.8212934632604892
            ],
            [
                -0.8870618020477677,
                -0.45974289726158474,
                -0.04192645662693947,
                0.3570509530706489,
                -0.7408072606765141,
                0.5689632847911194,
                -0.29263625246901315,
                0.4897357154083037,
                0.8212934632604894
            ],
            [
                -0.6568939911352946,
                0.051169648911974286,
                0.7522446087813248,
                0.6547909235716042,
                -0.4559309122383409,
                0.6028066436874759,
                0.3738169750273371,
                0.8885430041904214,
                0.2659928549522932
            ],
            [
                -0.04252999562486823,
                -0.6663582414568905,
                -0.7444178218679545,
                -0.5271791525360661,
                0.6478916342425162,
                -0.5498350401801593,
                0.8486891896351128,
                0.3690570746118308,
                -0.3788450013863897
            ],
            [
                0.5041871907017335,
                0.05116964891197445,
                0.8620771101024074,
                0.7797969521023731,
                -0.4559309122383408,
                -0.4290031663721874,
                0.37109566182339315,
                0.8885430041904212,
                -0.26977646205723393
            ],
            [
                -0.3431536319971514,
                0.15784366416387463,
                0.9259216827197032,
                0.053054628085245095,
                -0.9809478236012819,
                0.18688652656263377,
                0.9377797136246342,
                0.11325522087405798,
                0.3282414715706539
            ],
            [
                -0.6295654538298672,
                -0.7729070824711469,
                0.07913268104855946,
                0.7714796532257496,
                -0.6339461027092888,
                -0.054143176101711044,
                0.09201349902416646,
                0.026962580099902368,
                0.9953926538164153
            ],
            [
                -0.6457021961345426,
                -0.7635866550307081,
                -0.002023404567152637,
                0.6988493583843988,
                -0.5920228547798401,
                0.40139570713205436,
                -0.30769830710087154,
                0.25776803463063863,
                0.915902501432284
            ],
            [
                -0.6456870000539638,
                -0.7635994485621854,
                -0.0020445334038354246,
                0.6988570036034335,
                -0.5920165887844507,
                0.4013916380773941,
                -0.30771283118476483,
                0.25774452614856735,
                0.9159042377698159
            ],
            [
                -0.4580154311318195,
                -0.4421139054273058,
                0.7712050048287734,
                0.7779933085383521,
                -0.6190681518339185,
                0.1071495928806282,
                0.43005613205101667,
                0.6490685002468932,
                0.6275044264963928
            ],
            [
                -0.5343560986558483,
                -0.4489977332292836,
                -0.716145652353114,
                -0.6275779043542367,
                0.7783045347273863,
                -0.01969835498543232,
                0.5662239254885355,
                0.43891125159621125,
                -0.6976728312229175
            ],
            [
                -0.45801465998266244,
                -0.7715572622397758,
                -0.4414996742082916,
                0.7779934156809093,
                -0.1076417290094106,
                -0.6189826357281891,
                0.4300567595075302,
                -0.6269869609975363,
                0.6495679597555255
            ]
        ],
        [
            [
                1.0,
                0.0,
                0.0,
                0.0,
                1.0,
                0.0,
                0.0,
                0.0,
                1.0
            ],
            [
                0.9972119831774111,
                -0.04362000491290627,
                0.06054383353218668,
                1.4140931099693166e-09,
                -0.8113535371451908,
                -0.5845557610373779,
                0.07462077865698735,
                0.5829260098274789,
                -0.8090914697728802
            ],
            [
                0.060543833532186564,
                -0.04362000491290624,
                -0.9972119831774111,
                -0.5845557610373777,
                -0.8113535371451907,
                -1.4140931203776574e-09,
                -0.8090914697728799,
                0.5829260098274789,
                -0.07462077865698724
            ],
            [
                0.3045808349948288,
                0.6167703162617698,
                -0.7258270399566347,
                -0.9429529558893074,
                0.08770652961641917,
                -0.3211655144038082,
                -0.1344255851148562,
                0.7822416133401504,
                0.6082991208488862
            ],
            [
                0.9947754684833402,
                0.08278087367013176,
                -0.05974189700839082,
                0.09974567862569608,
                -0.9127627246475468,
                0.3961249904884654,
                -0.021738603893784115,
                -0.4000144190506101,
                -0.9162510014468485
            ],
            [
                0.946851176667707,
                0.3070767329565687,
                0.09579524685338131,
                -0.0895119976384281,
                0.537568006101159,
                -0.8384558671123983,
                -0.30896674824608245,
                0.7853181004492038,
                0.5364839509110197
            ],
            [
                0.033328807585730674,
                -0.9723222880791674,
                0.23125431604492597,
                -0.6655718392791353,
                -0.19420520405887534,
                -0.720623664248573,
                0.7455892417031665,
                -0.12989883302379485,
                -0.6536229615271744
            ],
            [
                -0.21869132050904092,
                -0.08224034556411502,
                0.9723222880791671,
                0.9521710792843614,
                -0.23591221776522023,
                0.19420520405887537,
                0.21341120427115828,
                0.9682881549779436,
                0.12989883302379474
            ],
            [
                0.24663450150027538,
                -0.7196105668103452,
                0.6491009588689614,
                0.9489006989722435,
                0.0432523248557789,
                -0.3125967048523681,
                0.1968727664246609,
                0.6930294860462032,
                0.6935064854136817
            ],
            [
                0.9832729462856816,
                -0.15933506509239637,
                0.08824199756735657,
                -0.023161137299340648,
                -0.5899266720935187,
                -0.807124577293783,
                0.18065955502457276,
                0.7915799761140174,
                -0.5837493182811054
            ],
            [
                0.9154729443354024,
                -0.35965647596754685,
                -0.18043421927249592,
                0.30847021024297533,
                0.9152316976646881,
                -0.25922397455186885,
                0.2583706979951952,
                0.1816539536713108,
                0.9488131657671373
            ],
            [
                -0.15856287849101436,
                -0.9393140103103845,
                -0.3042153901420304,
                -0.1920383176660614,
                0.33156916456437197,
                -0.9236791508191978,
                0.9684932101530883,
                -0.08804021322502764,
                -0.23295884345235524
            ],
            [
                0.27699934899537004,
                -0.202387130743941,
                0.9393140103103839,
                0.8844395814153087,
                -0.3283725261589311,
                -0.331569164564372,
                0.37555024628144595,
                0.9226109328277207,
                0.08804021322502745
            ],
            [
                -0.1696731419594777,
                -0.06523337125019271,
                0.9833390219923812,
                0.3418389092416275,
                -0.9397525642202497,
                -0.0033582986703623863,
                0.9243144405591057,
                0.33557372560556575,
                0.18175007471004567
            ],
            [
                -0.30811764623293986,
                -0.20950115356353569,
                0.9279939561955245,
                0.31478119308505065,
                -0.9429581300142551,
                -0.1083640416373043,
                0.8977618373264845,
                0.25872617126136893,
                0.35648906258763086
            ],
            [
                -0.3274877339084142,
                -0.3504430033350281,
                0.8774630964052317,
                0.4354440831079759,
                -0.8801519540138529,
                -0.188999969131877,
                0.8385345756889131,
                0.320190941875503,
                0.44083730118388614
            ],
            [
                0.9321078587658097,
                0.11816048612274206,
                0.3423638987192633,
                -0.22980482972242006,
                -0.5376787563096085,
                0.8112282633449117,
                0.27993692122202496,
                -0.8348291169650164,
                -0.4740207438542579
            ],
            [
                0.8955480356737475,
                -0.08591117557864081,
                0.436592470974464,
                -0.42588451253098525,
                -0.4497354792684187,
                0.7850862249928033,
                0.12890344365895473,
                -0.8890203983024808,
                -0.4393479641638971
            ],
            [
                0.8681678284573384,
                -0.16676210195877034,
                0.4674131181106952,
                -0.49464667940720847,
                -0.3669104293232534,
                0.7878460505741264,
                0.04011588442365868,
                -0.9151869416704542,
                -0.40102815064879066
            ],
            [
                0.8681678284573384,
                -0.31667626374411617,
                0.38210046533959746,
                -0.4946466794072084,
                -0.6144134811042681,
                0.6146712428516223,
                0.04011588442365871,
                -0.7226425245018471,
                -0.6900568799733144
            ],
            [
                0.5226410012023875,
                -0.4981972788000945,
                -0.6918423630122312,
                -0.09171506563336168,
                -0.8396407777808891,
                0.5353426108795871,
                -0.8476052917473058,
                -0.21633963040480067,
                -0.484522892873268
            ],
            [
                -0.7501230059008593,
                -0.38068204219439666,
                -0.5407371438776537,
                0.11522894891372204,
                -0.8804234222842258,
                0.4599748762982281,
                -0.6511818220362863,
                0.28272916412007276,
                0.7042914555817548
            ],
            [
                -0.8870614598069768,
                -0.4597435576055678,
                -0.041926456626939446,
                0.3570515045402564,
                -0.7408069948814189,
                0.5689632847911191,
                -0.2926366170366482,
                0.4897354975646925,
                0.8212934632604892
            ],
            [
                -0.8870618020477677,
                -0.45974289726158474,
                -0.04192645662693947,
                0.3570509530706489,
                -0.7408072606765141,
                0.5689632847911194,
                -0.29263625246901315,
                0.4897357154083037,
                0.8212934632604894
            ],
            [
                -0.6568939911352946,
                0.051169648911974286,
                0.7522446087813248,
                0.6547909235716042,
                -0.4559309122383409,
                0.6028066436874759,
                0.3738169750273371,
                0.8885430041904214,
                0.2659928549522932
            ],
            [
                -0.04252999562486823,
                -0.6663582414568905,
                -0.7444178218679545,
                -0.5271791525360661,
                0.6478916342425162,
                -0.5498350401801593,
                0.8486891896351128,
                0.3690570746118308,
                -0.3788450013863897
            ],
            [
                0.5041871907017335,
                0.05116964891197445,
                0.8620771101024074,
                0.7797969521023731,
                -0.4559309122383408,
                -0.4290031663721874,
                0.37109566182339315,
                0.8885430041904212,
                -0.26977646205723393
            ],
            [
                -0.3431536319971514,
                0.15784366416387463,
                0.9259216827197032,
                0.053054628085245095,
                -0.9809478236012819,
                0.18688652656263377,
                0.9377797136246342,
                0.11325522087405798,
                0.3282414715706539
            ],
            [
                -0.6295654538298672,
                -0.7729070824711469,
                0.07913268104855946,
                0.7714796532257496,
                -0.6339461027092888,
                -0.054143176101711044,
                0.09201349902416646,
                0.026962580099902368,
                0.9953926538164153
            ],
            [
                -0.6457021961345426,
                -0.7635866550307081,
                -0.002023404567152637,
                0.6988493583843988,
                -0.5920228547798401,
                0.40139570713205436,
                -0.30769830710087154,
                0.25776803463063863,
                0.915902501432284
            ],
            [
                -0.6456870000539638,
                -0.7635994485621854,
                -0.0020445334038354246,
                0.6988570036034335,
                -0.5920165887844507,
                0.4013916380773941,
                -0.30771283118476483,
                0.25774452614856735,
                0.9159042377698159
            ],
            [
                -0.4580154311318195,
                -0.4421139054273058,
                0.7712050048287734,
                0.7779933085383521,
                -0.6190681518339185,
                0.1071495928806282,
                0.43005613205101667,
                0.6490685002468932,
                0.6275044264963928
            ],
            [
                -0.5343560986558483,
                -0.4489977332292836,
                -0.716145652353114,
                -0.6275779043542367,
                0.7783045347273863,
                -0.01969835498543232,
                0.5662239254885355,
                0.43891125159621125,
                -0.6976728312229175
            ],
            [
                -0.45801465998266244,
                -0.7715572622397758,
                -0.4414996742082916,
                0.7779934156809093,
                -0.1076417290094106,
                -0.6189826357281891,
                0.4300567595075302,
                -0.6269869609975363,
                0.6495679597555255
            ]
        ],
        [
            [
                1.0,
                0.0,
                0.0,
                0.0,
                1.0,
                0.0,
                0.0,
                0.0,
                1.0
            ],
            [
                0.9972119831774111,
                -0.04362000491290627,
                0.06054383353218668,
                1.4140931099693166e-09,
                -0.8113535371451908,
                -0.5845557610373779,
                0.07462077865698735,
                0.5829260098274789,
                -0.8090914697728802
            ],
            [
                0.060543833532186564,
                -0.04362000491290624,
                -0.9972119831774111,
                -0.5845557610373777,
                -0.8113535371451907,
                -1.4140931203776574e-09,
                -0.8090914697728799,
                0.5829260098274789,
                -0.07462077865698724
            ],
            [
                0.3045808349948288,
                0.6167703162617698,
                -0.7258270399566347,
                -0.9429529558893074,
                0.08770652961641917,
                -0.3211655144038082,
                -0.1344255851148562,
                0.7822416133401504,
                0.6082991208488862
            ],
            [
                0.9947754684833402,
                0.08278087367013176,
                -0.05974189700839082,
                0.09974567862569608,
                -0.9127627246475468,
                0.3961249904884654,
                -0.021738603893784115,
                -0.4000144190506101,
                -0.9162510014468485
            ],
            [
                0.946851176667707,
                0.3070767329565687,
                0.09579524685338131,
                -0.0895119976384281,
                0.537568006101159,
                -0.8384558671123983,
                -0.30896674824608245,
                0.7853181004492038,
                0.5364839509110197
            ],
            [
                0.033328807585730674,
                -0.9723222880791674,
                0.23125431604492597,
                -0.6655718392791353,
                -0.19420520405887534,
                -0.720623664248573,
                0.7455892417031665,
                -0.12989883302379485,
                -0.6536229615271744
            ],
            [
                -0.21869132050904092,
                -0.08224034556411502,
                0.9723222880791671,
                0.9521710792843614,
                -0.23591221776522023,
                0.19420520405887537,
                0.21341120427115828,
                0.9682881549779436,
                0.12989883302379474
            ],
            [
                0.24663450150027538,
                -0.7196105668103452,
                0.6491009588689614,
                0.9489006989722435,
                0.0432523248557789,
                -0.3125967048523681,
                0.1968727664246609,
                0.6930294860462032,
                0.6935064854136817
            ],
            [
                0.9832729462856816,
                -0.15933506509239637,
                0.08824199756735657,
                -0.023161137299340648,
                -0.5899266720935187,
                -0.807124577293783,
                0.18065955502457276,
                0.7915799761140174,
                -0.5837493182811054
            ],
            [
                0.9154729443354024,
                -0.35965647596754685,
                -0.18043421927249592,
                0.30847021024297533,
