FieldIndexer(xipos):
                      x         y         z
 0            world [ 0         0         0       ]
 1          walker/ [-0.347    -4.73      1.1     ]
 2      walker/root [-0.364    -4.71      1.04    ]
 3 walker/lhipjoint [-0.298    -4.7       1.03    ]
 4    walker/lfemur [-0.203    -4.73      0.731   ]
 5    walker/ltibia [-0.218    -4.7       0.281   ]
 6     walker/lfoot [-0.23     -4.65      0.046   ]
 7     walker/ltoes [-0.112    -4.72      0.0375  ]
 8 walker/rhipjoint [-0.393    -4.78      1.04    ]
 9    walker/rfemur [-0.41     -4.86      0.749   ]
10    walker/rtibia [-0.489    -4.77      0.331   ]
11     walker/rfoot [-0.578    -4.68      0.107   ]
12     walker/rtoes [-0.512    -4.79      0.0305  ]
13 walker/lowerback [-0.318    -4.74      1.16    ]
14 walker/upperback [-0.286    -4.75      1.29    ]
15    walker/thorax [-0.269    -4.75      1.43    ]
16 walker/lowerneck [-0.269    -4.71      1.55    ]
17 walker/upperneck [-0.25     -4.7       1.66    ]
18      walker/head [-0.193    -4.74      1.79    ]
19      walker/face [-0.144    -4.81      1.74    ]
20 walker/lclavicle [-0.203    -4.64      1.54    ]
21  walker/lhumerus [-0.157    -4.49      1.45    ]
22   walker/lradius [-0.114    -4.38      1.23    ]
23    walker/lwrist [-0.0214   -4.35      1.12    ]
24     walker/lhand [ 0.0412   -4.32      1.07    ]
25  walker/lfingers [ 0.124    -4.26      1.08    ]
26    walker/lthumb [ 0.0588   -4.35      1.12    ]
27 walker/rclavicle [-0.337    -4.82      1.56    ]
28  walker/rhumerus [-0.448    -4.98      1.5     ]
29   walker/rradius [-0.488    -5.15      1.3     ]
30    walker/rwrist [-0.469    -5.27      1.22    ]
31     walker/rhand [-0.471    -5.34      1.18    ]
32  walker/rfingers [-0.529    -5.43      1.17    ]
33    walker/rthumb [-0.438    -5.34      1.14    ]


FieldIndexer(ximat):
                      xx        xy        xz        yx        yy        yz        zx        zy        zz
 0            world [ 1         0         0         0         1         0         0         0         1       ]
 1          walker/ [ 0.94     -0.227     0.256    -0.184    -0.966    -0.181     0.288     0.123    -0.95    ]
 2      walker/root [ 0.256    -0.227    -0.94     -0.181    -0.966     0.184    -0.95      0.123    -0.288   ]
 3 walker/lhipjoint [ 0.296     0.386    -0.874    -0.827    -0.353    -0.437    -0.477     0.852     0.215   ]
 4    walker/lfemur [ 0.976     0.187     0.11      0.0506   -0.687     0.725     0.211    -0.702    -0.68    ]
 5    walker/ltibia [ 0.989     0.137     0.0575    0.0606   -0.0185   -0.998    -0.136     0.99     -0.0266  ]
 6     walker/lfoot [ 0.0818   -0.969     0.232    -0.989    -0.0495    0.142    -0.126    -0.241    -0.962   ]
 7     walker/ltoes [-0.229    -0.0889    0.969     0.536    -0.842     0.0495    0.812     0.531     0.241   ]
 8 walker/rhipjoint [ 0.217    -0.878     0.427     0.721    -0.15     -0.676     0.657     0.455     0.601   ]
 9    walker/rfemur [ 0.968     0.0938    0.232     0.22     -0.759    -0.613     0.119     0.644    -0.756   ]
10    walker/rtibia [ 0.824    -0.566    -0.00218   0.5       0.73     -0.467     0.266     0.383     0.884   ]
11     walker/rfoot [ 0.0504   -0.991    -0.121    -0.0783    0.117    -0.99      0.996     0.0594   -0.0717  ]
12     walker/rtoes [ 0.12      0.0539    0.991     0.992    -0.0494   -0.117     0.0426    0.997    -0.0594  ]
13 walker/lowerback [-0.236    -0.0511    0.97      0.143    -0.99     -0.0173    0.961     0.135     0.241   ]
14 walker/upperback [-0.464    -0.199     0.863    -0.00579  -0.974    -0.227     0.886    -0.11      0.451   ]
15    walker/thorax [-0.489    -0.36      0.795     0.00317  -0.912    -0.411     0.872    -0.198     0.447   ]
16 walker/lowerneck [ 0.757     0.332     0.563    -0.614     0.066     0.787     0.224    -0.941     0.254   ]
17 walker/upperneck [ 0.783     0.225     0.58     -0.621     0.216     0.754     0.0437   -0.95      0.309   ]
18      walker/head [ 0.776     0.179     0.605    -0.63      0.174     0.757     0.0304   -0.968     0.247   ]
19      walker/face [ 0.776    -0.039     0.629    -0.63     -0.096     0.771     0.0304   -0.995    -0.0991  ]
20 walker/lclavicle [ 0.686    -0.456    -0.566     0.275    -0.558     0.783    -0.673    -0.693    -0.257   ]
21  walker/lhumerus [-0.568    -0.709    -0.419     0.204    -0.615     0.762    -0.798     0.347     0.494   ]
22   walker/lradius [-0.593    -0.723     0.354     0.736    -0.308     0.603    -0.327     0.618     0.715   ]
23    walker/lwrist [-0.647    -0.675     0.354     0.71     -0.364     0.603    -0.278     0.642     0.715   ]
24     walker/lhand [-0.348    -0.0977    0.933     0.924    -0.203     0.323     0.158     0.974     0.161   ]
25  walker/lfingers [-0.17     -0.359    -0.918    -0.228     0.92     -0.318     0.959     0.155    -0.239   ]
26    walker/lthumb [ 0.827    -0.132     0.547     0.528    -0.152    -0.835     0.193     0.98     -0.0564  ]
27 walker/rclavicle [-0.525     0.206     0.826    -0.368    -0.93     -0.00214   0.767    -0.305     0.564   ]
28  walker/rhumerus [-0.486    -0.871     0.0742    0.821    -0.484    -0.304     0.301    -0.0868    0.95    ]
29   walker/rradius [-0.545    -0.837     0.0539    0.677    -0.401     0.617    -0.495     0.373     0.785   ]
30    walker/rwrist [-0.483    -0.874     0.0539    0.704    -0.351     0.617    -0.52      0.336     0.785   ]
31     walker/rhand [-0.347    -0.613     0.71      0.935    -0.286     0.211     0.0742    0.737     0.672   ]
32  walker/rfingers [-0.64     -0.339    -0.69     -0.294     0.937    -0.187     0.71      0.0831   -0.699   ]
33    walker/rthumb [-0.399    -0.747    -0.532     0.917    -0.31     -0.253     0.0241   -0.589     0.808   ]
