{
    "ximat": [
        [
            [
                1.0,
                0.0,
                0.0,
                0.0,
                1.0,
                0.0,
                0.0,
                0.0,
                1.0
            ],
            [
                0.8992511864971227,
                -0.26255308929278337,
                0.3498759478534254,
                -0.29466722057976497,
                -0.9547237425168507,
                0.040912157000265244,
                0.32329326114120177,
                -0.13988727882632473,
                -0.9359022473117866
            ],
            [
                0.34987594785342546,
                -0.26255308929278337,
                -0.8992511864971224,
                0.040912157000265195,
                -0.9547237425168507,
                0.2946672205797649,
                -0.9359022473117866,
                -0.13988727882632473,
                -0.3232932611412018
            ],
            [
                0.32466155571223204,
                0.2852903506295083,
                -0.901778404088391,
                -0.7017208792182219,
                -0.5666177541146136,
                -0.43189365402992097,
                -0.6341787460264802,
                0.7730160001965054,
                0.016235194131191955
            ],
            [
                0.9487872074861194,
                0.2848837616484029,
                0.1365433164228405,
                -0.0279855635019087,
                -0.3547222052845332,
                0.9345528156897067,
                0.31467386791116386,
                -0.8905129978990391,
                -0.3285832579829561
            ],
            [
                0.9870217734209288,
                0.06224871896031209,
                0.14803079335328972,
                0.15873031024739503,
                -0.5179312065137427,
                -0.8405664482525962,
                0.024345582797912296,
                0.8531543601875448,
                -0.521090136436309
            ],
            [
                0.20958091444093452,
                -0.9173122673912844,
                0.3385469603992387,
                -0.7355352360398082,
                0.08022677878213778,
                0.67271954075239,
                -0.6442544193453129,
                -0.39000239494098493,
                -0.6579014934580487
            ],
            [
                -0.38062785380991315,
                -0.11687874484918714,
                0.9173122673912839,
                0.1108341152571091,
                -0.9905955092071719,
                -0.0802267787821377,
                0.9180622178258038,
                0.07113294694487786,
                0.3900023949409849
            ],
            [
                0.16463246976136942,
                -0.9241707519982441,
                0.34468038971092024,
                0.5303402125416625,
                -0.2116995352902163,
                -0.8209278687675128,
                0.8316462041406405,
                0.31794925366936555,
                0.4552722956973744
            ],
            [
                0.958430453344829,
                0.17443838875621753,
                0.22579263634884283,
                0.2651782693808947,
                -0.8366682214520443,
                -0.47923561288830224,
                0.10531643532412072,
                0.5191893062654582,
                -0.8481455728294599
            ],
            [
                0.804053503344033,
                -0.5931437840164049,
                0.04096846644539462,
                0.5325583227665742,
                0.6878609668307163,
                -0.49318244409423717,
                0.26434749216181397,
                0.4183631697382222,
                0.8689606789690469
            ],
            [
                0.077184347460099,
                -0.9955591036505318,
                -0.05389478310291129,
                -0.005567392787692527,
                0.053624827051907575,
                -0.9985456334395548,
                0.9970012942041286,
                0.07737214655290464,
                -0.001403671289723435
            ],
            [
                0.05398164126151778,
                0.0771236250785966,
                0.995559103650531,
                0.9985387330358094,
                -0.006691528292812915,
                -0.05362482705190752,
                0.0025260708527891085,
                0.9969990821980943,
                -0.07737214655290447
            ],
            [
                -0.283633763910112,
                -0.12196024210193224,
                0.951145408082603,
                0.005118923882147491,
                -0.992057661354079,
                -0.12567972456591603,
                0.9589190187854613,
                -0.030778172380987963,
                0.2820053537016887
            ],
            [
                -0.519150264342916,
                -0.2652356509254895,
                0.8124857244966289,
                -0.07013927059016219,
                -0.9342003527170201,
                -0.34978591124354197,
                0.8518001442555408,
                -0.23857860436662562,
                0.46638692497186574
            ],
            [
                -0.5463612103210889,
                -0.41955292473609496,
                0.72488948895805,
                -0.038833340026587254,
                -0.851867911652086,
                -0.5223150704315285,
                0.8366489105705294,
                -0.31352257405632183,
                0.4491349418585064
            ],
            [
                0.6426797736233273,
                0.42753869707590597,
                0.6357463103141893,
                -0.7406947597623167,
                0.13467271511560855,
                0.6582055398308602,
                0.19579065717268726,
                -0.8939093479240647,
                0.4032271025834703
            ],
            [
                0.7221724281986523,
                0.35162617505705995,
                0.5956727431773289,
                -0.6904718627516078,
                0.3148852689127535,
                0.6512264384759479,
                0.041419689737938636,
                -0.881593046953346,
                0.47018943933857993
            ],
            [
                0.7192466187213398,
                0.28764991196341283,
                0.632409542626739,
                -0.6945082505283002,
                0.2734339048495845,
                0.6655014572687492,
                0.018509224890309595,
                -0.9178733179617706,
                0.39644164862916553
            ],
            [
                0.7192466187213398,
                0.05381275839539651,
                0.6926676609253523,
                -0.6945082505283,
                0.02912867354520543,
                0.718894853456065,
                0.018509224890309595,
                -0.9981260979512437,
                0.05832410464451565
            ],
            [
                0.7517042041187575,
                -0.4588239697685123,
                -0.47373131021292014,
                0.2762546497002319,
                -0.4331966976074716,
                0.8579184050368568,
                -0.5988523674739783,
                -0.7757713490119659,
                -0.1988835237594282
            ],
            [
                -0.5076857223601754,
                -0.8346188389714754,
                -0.21369745189293354,
                0.39204858489007266,
                -0.4446761068163535,
                0.805332892108811,
                -0.7671721543417211,
                0.32507622746143205,
                0.5529668452467336
            ],
            [
                -0.4575444475774961,
                -0.8056697377081855,
                0.37623045096353813,
                0.8101286998247813,
                -0.20329725005873323,
                0.5498742745744395,
                -0.3665304464996231,
                0.5563870072708207,
                0.7457137050698521
            ],
            [
                -0.46639433969997457,
                -0.8005791451590513,
                0.37623045096353813,
                0.8078393849365638,
                -0.21221171104948022,
                0.5498742745744395,
                -0.36037736893586825,
                0.5603920253089388,
                0.7457137050698521
            ],
            [
                -0.18224035246753378,
                -0.22834941965978134,
                0.9563707421672571,
                0.9771186933124263,
                -0.15054739445903817,
                0.15024826521797652,
                0.1096700192027234,
                0.9618690267196651,
                0.2505602967859003
            ],
            [
                -0.266632953974821,
                -0.19419041416391603,
                -0.9440322827644764,
                -0.15646903172817495,
                0.9752192464495714,
                -0.1564124786082553,
                0.9510122554229828,
                0.10600709599445363,
                -0.29041037452906937
            ],
            [
                0.9160299979657698,
                -0.2410011680385925,
                0.32063605510120896,
                0.3014178906061622,
                -0.11381762427740952,
                -0.946674602821042,
                0.26464371908164197,
                0.9638277778772928,
                -0.03161829443149041
            ],
            [
                -0.6022899035948046,
                0.1659517663283367,
                0.7808372962917862,
                -0.3937599224583033,
                -0.9126368855632075,
                -0.10975900225093341,
                0.6944062179253527,
                -0.37356917212478147,
                0.6150171364641912
            ],
            [
                -0.3997285356113866,
                -0.9156789261644083,
                -0.04182346227146444,
                0.8472030918295779,
                -0.3516469172257965,
                -0.3982353158623651,
                0.34994859481412455,
                -0.1946189861858036,
                0.9163293246446005
            ],
            [
                -0.41421200862960605,
                -0.9073171826490678,
                0.07213835302240665,
                0.7715391027263407,
                -0.30796654791764233,
                0.5566722719230084,
                -0.48286211786726485,
                0.2862379000646991,
                0.8275941273929457
            ],
            [
                -0.40488979953066023,
                -0.9115170909872217,
                0.07211687094026822,
                0.7746500099307443,
                -0.30005172493270743,
                0.5566743432916639,
                -0.4857793865020624,
                0.28125709804927673,
                0.8275946063421269
            ],
            [
                -0.2730574018139992,
                -0.6784660908306958,
                0.6819995739789739,
                0.952942949339569,
                -0.28780644105378717,
                0.09522178212970012,
                0.13167911990361775,
                0.6759076979002877,
                0.7251271566425723
            ],
            [
                -0.6823651400151102,
                -0.2644629978606314,
                -0.681496249773047,
                -0.2883476585435691,
                0.9540497172275223,
                -0.0815154271934243,
                0.6717391186350552,
                0.1408845620380489,
                -0.7272675550818603
            ],
            [
                -0.30258111361536966,
                -0.722845307815284,
                -0.6212401553768963,
                0.9478752541998804,
                -0.1599058104317288,
                -0.2756131968278812,
                0.09988579558072846,
                -0.6722535182203211,
                0.7335516580866037
            ]
        ],
        [
            [
                1.0,
                0.0,
                0.0,
                0.0,
                1.0,
                0.0,
                0.0,
                0.0,
                1.0
            ],
            [
                0.5959829918258011,
                -0.10031003024581248,
                0.7967070799776111,
                -0.7148674415793921,
                -0.5181850883269896,
                0.4695197069402782,
                0.3657441926047519,
                -0.8493657116152232,
                -0.38053787394721156
            ],
            [
                0.7967070799776108,
                -0.10031003024581256,
                -0.595982991825801,
                0.4695197069402782,
                -0.5181850883269894,
                0.714867441579392,
                -0.3805378739472115,
                -0.849365711615223,
                -0.36574419260475177
            ],
            [
                0.6479850062244494,
                -0.14989143743571956,
                -0.7467583201356076,
                -0.24038678828643975,
                -0.9705794570201858,
                -0.013773511815523415,
                -0.7227237533979571,
                0.18843586334309012,
                -0.664952856735358
            ],
            [
                0.6418751955357648,
                0.7063304475593705,
                0.29848539697362775,
                -0.7342345430813989,
                0.45388386009918935,
                0.5048654051205232,
                0.2211241033943929,
                -0.5432188696943803,
                0.8099490048799288
            ],
            [
                0.7912382292952082,
                -0.29719057966804996,
                0.5344341155449862,
                -0.4704717790345341,
                -0.8541463524476028,
                0.22156334022697757,
                0.39063841290106593,
                -0.42674555411512305,
                -0.8156530281983342
            ],
            [
                0.35552811308351284,
                -0.4964964614165054,
                0.791890790834296,
                0.10679273793197155,
                0.8632749676341462,
                0.4933068430310472,
                -0.9285445987847172,
                -0.09081626537770407,
                0.35994073680340244
            ],
            [
                -0.8659756276309448,
                0.05981200673845091,
                0.49649646141650516,
                -0.49980710325824285,
                -0.0703504782419348,
                -0.8632749676341459,
                -0.016705444675190084,
                -0.9957275400736142,
                0.09081626537770421
            ],
            [
                -0.334800052604401,
                -0.9385986394418373,
                0.08331577770160031,
                -0.1694808274203507,
                -0.02699502100320078,
                -0.9851637011065473,
                0.9269224206550428,
                -0.3439532858964556,
                -0.15003653957628954
            ],
            [
                0.828135814327667,
                0.528478226642796,
                0.18682033345526872,
                0.4171280423303965,
                -0.8036743811495876,
                0.4243956707901703,
                0.37442658736989165,
                -0.27352925446524606,
                -0.8859946261813464
            ],
            [
                0.5897137691335035,
                -0.8010808032546118,
                0.1025047177026682,
                0.5574161639378302,
                0.3118865788555843,
                -0.7694244486046659,
                0.5844013096111196,
                0.5108779781774765,
                0.6304591983135015
            ],
            [
                0.11349695597380272,
                -0.9628584045360645,
                0.24499415054026497,
                -0.7950263156255483,
                -0.2359031875430364,
                -0.5588227300046968,
                0.595862063272657,
                -0.1313521180693344,
                -0.7922720635180525
            ],
            [
                -0.25604618984682126,
                0.08569738315252595,
                0.9628584045360642,
                0.6433439366467636,
                -0.7283256588140229,
                0.23590318754303619,
                0.7214907676781255,
                0.679851228750768,
                0.13135211806933433
            ],
            [
                -0.8213739033490455,
                -0.09123434069107855,
                0.5630463621903758,
                -0.41163641130842726,
                -0.5885061080074685,
                -0.6958563254889761,
                0.3948422163121251,
                -0.8033286101693159,
                0.44582818248868367
            ],
            [
                -0.8126067507609466,
                -0.4287515637618736,
                0.39476874900311604,
                -0.1470437044565653,
                -0.5046127588832097,
                -0.8507315161388852,
                0.5639578154413923,
                -0.7493584323566554,
                0.34700651616151074
            ],
            [
                -0.6519354706910033,
                -0.6928337287228178,
                0.3081583463074404,
                -0.02639901969611913,
                -0.3854097671557767,
                -0.9223678242111514,
                0.7578147753996245,
                -0.6094593798810274,
                0.23297216670892196
            ],
            [
                0.1318785018870472,
                0.5847360816911021,
                0.8004322429216382,
                -0.9907365895354624,
                0.10413640394890927,
                0.08715858837905671,
                -0.03238936392812197,
                -0.8045118545684247,
                0.5930527842976587
            ],
            [
                0.3466133756359376,
                0.44190555130995246,
                0.8273926828004383,
                -0.9270615675824633,
                0.29575195145608363,
                0.2304075370326754,
                -0.14288463088032138,
                -0.8469062917060923,
                0.5121852353659064
            ],
            [
                0.4150650303323167,
                0.3304204094661571,
                0.847669377530798,
                -0.9023977885175696,
                0.2680641042578119,
                0.33737200133837003,
                -0.11575513756992922,
                -0.9049662916466417,
                0.4094346823481039
            ],
            [
                0.41506503033231645,
                0.020320262222760344,
                0.9095647901817834,
                -0.9023977885175696,
                0.13639599011971004,
                0.4087473121108738,
                -0.11575513756992922,
                -0.9904459706730411,
                0.07495016546815983
            ],
            [
                0.8932975496995677,
                -0.44721290229508404,
                0.04494560847910481,
                0.031073980373885784,
                0.16120747346530895,
                0.9864312232703585,
                -0.44839033825950436,
                -0.879779955738786,
                0.15790292598868438
            ],
            [
                0.10920511485579976,
                -0.9792484227356129,
                0.17072424976887599,
                0.9334918444467277,
                0.16004890019227025,
                0.32090080382992286,
                -0.3415658344167014,
                0.12432568566896667,
                0.9315985748390576
            ],
            [
                0.2095465338459055,
                -0.9213162319040749,
                0.327515878978782,
                0.9771657007212811,
                0.18526403270196767,
                -0.10404052826130977,
                0.03517731494948054,
                0.3418386154563022,
                0.9391000572334474
            ],
            [
                -0.21952024573547108,
                -0.9189908654219553,
                0.3275158789787818,
                0.9583424203137788,
                -0.2659988231294192,
                -0.10404052826130976,
                0.18273113347037168,
                0.2910333578213495,
                0.9391000572334471
            ],
            [
                -0.0089111570608843,
                -0.5372657326117938,
                0.8433659489456211,
                0.751965015296985,
                -0.5595431627487718,
                -0.3485112118576761,
                0.6591427819897906,
                0.6310760505535076,
                0.40899121184757176
            ],
            [
                -0.6163622809874125,
                -0.018864983757152454,
                -0.787236718505836,
                -0.523188848279297,
                0.7569747330950198,
                0.39148778076960056,
                0.5885328942482122,
                0.6531717736120924,
                -0.47644062226499634
            ],
            [
                0.8393829972148207,
                -0.5380320794544617,
                0.0771859149364176,
                -0.28167504762291384,
                -0.5520290616465556,
                -0.7848076723913013,
                0.46486057214318943,
                0.6370128700234641,
                -0.6149140199175619
            ],
            [
                -0.8200631334341646,
                -0.22470324083174434,
                0.5263125599316928,
                -0.2858552642881294,
                -0.6358930144388245,
                -0.7168869102352683,
                0.49576529231169897,
                -0.7383417418429065,
                0.45723981365524113
            ],
            [
                -0.3027672545143449,
                -0.9178951354898756,
                -0.25651610054315904,
                0.908750072138156,
                -0.19691968142494892,
                -0.36796188043925465,
                0.2872373513015701,
                -0.34451583317972306,
                0.8937581018965586
            ],
            [
                -0.19720100813459968,
                -0.9788522786047629,
                -0.05440568960101272,
                0.9209786005767382,
                -0.20399143046074447,
                0.3319426359753938,
                -0.3360211000374993,
                0.015352946585050986,
                0.9417293174584436
            ],
            [
                -0.20541757297158314,
                -0.9771598632314057,
                -0.05442630250204947,
                0.919228744689928,
                -0.21172835637122145,
                0.3319482159074212,
                -0.33589006482812667,
                0.018157775136876303,
                0.9417261595346257
            ],
            [
                -0.18004659577074794,
                -0.4161315110090792,
                0.8913011774348024,
                0.8702644510126437,
                -0.4897410302153693,
                -0.0528536529224829,
                0.4585008273220742,
                0.7661516095844797,
                0.4503206662769146
            ],
            [
                -0.4003562740505043,
                -0.16867331703888855,
                -0.9007020406036044,
                -0.49059657283997515,
                0.8696359596906602,
                0.05521141485758449,
                0.7739701909932122,
                0.4639855706075394,
                -0.4309147638709164
            ],
            [
                -0.213276071956934,
                -0.9128291150718408,
                -0.34821878726998723,
                0.8716327952822889,
                -0.016778299356697945,
                -0.4898721862476786,
                0.4413270752163343,
                -0.4079969305618082,
                0.799230202966041
            ]
        ],
        [
            [
                1.0,
                0.0,
                0.0,
                0.0,
                1.0,
                0.0,
                0.0,
                0.0,
                1.0
            ],
            [
                0.4052840645169269,
                0.01831125210864648,
                0.9140073988184412,
                -0.8904646393230511,
                -0.2183940813056962,
                0.39922017905650703,
                0.2069240275171253,
                -0.9756888455326598,
                -0.07220611843353339
            ],
            [
                0.9140073988184411,
                0.018311252108646564,
                -0.40528406451692683,
                0.399220179056507,
                -0.21839408130569624,
                0.890464639323051,
                -0.0722061184335333,
                -0.9756888455326597,
                -0.20692402751712527
            ],
            [
                0.7514367081926038,
                -0.3117285622027134,
                -0.5815222928553063,
                -0.1377659027927649,
                -0.9360559445777997,
                0.3237588989483652,
                -0.645262295201229,
                -0.16317037760449155,
                -0.7463323644758076
            ],
            [
                0.34868588145114715,
                0.8095498456176776,
                0.47227873500405554,
                -0.9231196047120503,
                0.38378254305912757,
                0.02368871122152763,
                -0.1620751414403348,
                -0.44422967832357096,
                0.8811308877934267
            ],
            [
                0.64756114143384,
                -0.7596684832906228,
                0.05973578157040192,
                -0.7539958254965279,
                -0.6274340131618563,
                0.19446556060499848,
                -0.11024909631698253,
                -0.17096887033179992,
                -0.9790887508999153
            ],
            [
                -0.2808912106373371,
                -0.08239423801155678,
                0.9561962755256826,
                0.15945723341698154,
                0.9784538738375144,
                0.13115413635629236,
                -0.9464002950642475,
                0.1893124568401604,
                -0.2617007359321884
            ],
            [
                -0.9595024238665306,
                -0.26938130621249085,
                0.08239423801155676,
                -0.12922863444950394,
                0.161021665656144,
                -0.9784538738375139,
                0.25030992515793155,
                -0.9494765584534319,
                -0.18931245684016001
            ],
            [
                -0.5454898515578148,
                -0.8379816816051036,
                -0.01508387024991864,
                -0.36573360193729304,
                0.25419300992282284,
                -0.8953350468513727,
                0.7541085825406094,
                -0.4828795036038068,
                -0.4451377660207391
            ],
            [
                0.790378890445546,
                0.33934888236228034,
                0.5100426899559866,
                -0.2380524700825781,
                -0.5970068396615829,
                0.7661030315074285,
                0.564475181939517,
                -0.7269285862013958,
                -0.3910787638540208
            ],
            [
                0.5344499703717528,
                -0.8425228699718738,
                0.06721936286510238,
                -0.3626846120787913,
                -0.3004481335524715,
                -0.8821512292153163,
                0.7634285174991107,
                0.4470862697726178,
                -0.46614457633862566
            ],
            [
                0.08558507263423787,
                -0.9310904572659785,
                0.3546064801021329,
                -0.8574412270378607,
                0.11242878033022963,
                0.5021496903606194,
                -0.507414758868917,
                -0.34703073313712307,
                -0.7887331188306416
            ],
            [
                -0.3553010386688222,
                -0.08265429395432687,
                0.931090457265978,
                -0.06394966158525393,
                -0.9915998235864047,
                -0.11242878033022967,
                0.9325618546262698,
                -0.09948898207501806,
                0.347030733137123
            ],
            [
                -0.9398089732173149,
                0.029892169356975057,
                0.34039029373845264,
                -0.33980762422339583,
                -0.1864628937140423,
                -0.9218255625591195,
                0.03591479332903877,
                -0.9820071524581272,
                0.18539708773660052
            ],
            [
                -0.9140737249024582,
                -0.34763844077158623,
                0.20884621121975366,
                -0.16251417126303438,
                -0.15782686671126256,
                -0.9740019631822078,
                0.3715620669304588,
                -0.9242500714860703,
                0.0877692188432797
            ],
            [
                -0.7613178770788886,
                -0.6268891559400191,
                0.16554478610002876,
                -0.06632832750742851,
                -0.17868104637502935,
                -0.9816688019064228,
                0.644977242242051,
                -0.758342317051564,
                0.09445256565442683
            ],
            [
                0.07282843216587487,
                0.7168924387747992,
                0.6933694907448562,
                -0.9830913944755968,
                0.1687151585485276,
                -0.07117938875806473,
                -0.16800990916099873,
                -0.6764616962574199,
                0.7170580478038351
            ],
            [
                0.2911958288160996,
                0.5904069260117191,
                0.7527447449152318,
                -0.9440375736730746,
                0.30475437221342316,
                0.12616589123157151,
                -0.15491303616403385,
                -0.7473583038504321,
                0.6461095239138996
            ],
            [
                0.37023275570223896,
                0.5449431752128544,
                0.7523062158417009,
                -0.9252080804629714,
                0.2888278131193958,
                0.2461066886833681,
                -0.08317279874545058,
                -0.7871565474272579,
                0.6111193462747266
            ],
            [
                0.37023275570223846,
                0.2545263592072004,
                0.893389074857004,
                -0.9252080804629708,
                0.1871439779453936,
                0.3301017106359776,
                -0.08317279874545058,
                -0.9487852570458191,
                0.30477667489712457
            ],
            [
                0.9529076002991638,
                -0.3004395389450821,
                0.04126970717798853,
                0.032435417370391406,
                0.23627648771969068,
                0.9711443585023065,
                -0.3015212247787855,
                -0.9240722400274313,
                0.23489454276033683
            ],
            [
                0.3465049536119181,
                -0.9311156418389827,
                0.11383311752377635,
                0.9047866914981771,
                0.36377671243971627,
                0.22142164838681547,
                -0.24757899751429846,
                0.02627099178431283,
                0.9685114738507148
            ],
            [
                0.4251522957640503,
                -0.8857085419613153,
                0.1864561720708623,
                0.8709266565970399,
                0.34422759679836096,
                -0.3507051759400297,
                0.24643921001995556,
                0.31149276123079717,
                0.9177363322139722
            ],
            [
                -0.15762605261441004,
                -0.9697361102041524,
                0.18645617207086213,
                0.9113382097975586,
                -0.2155656441361971,
                -0.3507051759400294,
                0.38028501798017206,
                0.11464436154589606,
                0.9177363322139718
            ],
            [
                0.010835284963925551,
                -0.4137966083223594,
                0.9103048739519428,
                0.4310959639916828,
                -0.8194777479648354,
                -0.3776406895721956,
                0.9022410245770429,
                0.39652060164812813,
                0.16950677284042137
            ],
            [
                -0.38160022598315524,
                -0.0008502110279017261,
                -0.9243270766729781,
                -0.8322240935927323,
                0.4354692240375155,
                0.34317577560183343,
                0.4022242230067212,
                0.9002032170889931,
                -0.16688272040348318
            ],
            [
                0.9094687539875442,
                -0.41489972813173265,
                0.026922130609554423,
                -0.3527452277426834,
                -0.8042586939475352,
                -0.4782664085157634,
                0.22008496047005566,
                0.4254717015337437,
                -0.8778020513583201
            ],
            [
                -0.8904249158372337,
                -0.15582160298757225,
                0.42762494934070466,
                -0.32638363666954506,
                -0.4362128894852428,
                -0.8385654636111001,
                0.3172021295177874,
                -0.8862493684563731,
                0.3375572039522517
            ],
            [
                -0.4560947269993546,
                -0.8674744772981625,
                -0.1986595863271235,
                0.7643100817729275,
                -0.2674808899462763,
                -0.5867572516925623,
                0.45585929726577384,
                -0.4194544131962705,
                0.7850161121572774
            ],
            [
                -0.34374190756642575,
                -0.9323479743151502,
                -0.11211046237096545,
                0.9210687066195975,
                -0.3580033514303598,
                0.15318628545249377,
                -0.18295884419370773,
                -0.050604892600094965,
                0.9818172977577021
            ],
            [
                -0.37024476761180897,
                -0.9221416890718247,
                -0.11213169637457453,
                0.9104599077701617,
                -0.384182124136812,
                0.15318894162724597,
                -0.18434090267552183,
                -0.04537400984582827,
                0.9818144584549999
            ],
            [
                -0.37676169622471617,
                -0.38643143303742394,
                0.8418559091783568,
                0.9185038966242833,
                -0.03811005999334016,
                0.39357110566365533,
                -0.12000506715919468,
                0.9215304503313753,
                0.3692971878692962
            ],
            [
                -0.3785051691863159,
                -0.36604334002720296,
                -0.8501447583329373,
                -0.034410790168247246,
                0.9234103638916683,
                -0.3822684886012112,
                0.9249593150075499,
                -0.11543644606096873,
                -0.3621114365793738
            ],
            [
                -0.40549597986834257,
                -0.8451635792547485,
                -0.3482406274573868,
                0.9044227482903615,
                -0.42622799770426173,
                -0.018686528514531814,
                -0.13263673203725015,
                -0.3225340575417076,
                0.93721890668091
            ]
        ],
        [
            [
                1.0,
                0.0,
                0.0,
                0.0,
                1.0,
                0.0,
                0.0,
                0.0,
                1.0
            ],
            [
                0.2530096022245632,
                0.07387702682383795,
                0.9646389615238639,
                -0.9645237833937861,
                -0.05841149768761886,
                0.2574528465673399,
                0.07536585732216705,
                -0.9955552630796342,
                0.05647747962272695
            ],
            [
                0.9646389615238636,
                0.07387702682383797,
                -0.2530096022245632,
                0.25745284656733985,
                -0.058411497687618545,
                0.964523783393786,
                0.05647747962272702,
                -0.9955552630796339,
                -0.07536585732216673
            ],
            [
                0.7784818604619775,
                -0.4271353724832635,
                -0.45991452086800066,
                -0.1479579109304934,
                -0.8369675880270081,
                0.5268716287534729,
                -0.6099790566279657,
                -0.34211201406240765,
                -0.7147621424707807
            ],
            [
                0.026212205633674712,
                0.7154021396945067,
                0.6982210959261688,
                -0.8757339951433798,
                0.3532644224890046,
                -0.3290808678026206,
                -0.48208182918051756,
                -0.6028300144518621,
                0.6357618136141354
            ],
            [
                0.35738514182094155,
                -0.905266356029983,
                -0.2297143553324908,
                -0.7773751839712904,
                -0.42465388541097576,
                0.46406562138448093,
                -0.5176520875561383,
                0.012724081324725384,
                -0.8554965891242431
            ],
            [
                -0.5438367330754216,
                0.25134608106034695,
                0.8006664444657708,
                0.477155658765795,
                0.8774716345796574,
                0.048641626369658464,
                -0.6903362116140467,
                0.4084956279370819,
                -0.5971325120027013
            ],
            [
                -0.7962409590015326,
                -0.5502958138528091,
                -0.25134608106034684,
                -0.052499916160094084,
                0.47674656717305086,
                -0.877471634579657,
                0.6026973486016867,
                -0.6854832076315119,
                -0.4084956279370817
            ],
            [
                -0.6575725521251596,
                -0.7462181095200326,
                -0.10371533982952075,
                -0.39246577595408555,
                0.45679955423871055,
                -0.7983137114894575,
                0.6430932695934252,
                -0.4842444633360964,
                -0.5932439180741546
            ],
            [
                0.5368185566972001,
                0.540581574676954,
                0.6477633814174127,
                -0.627137363268371,
                -0.25791833223291033,
                0.7349672519854135,
                0.564379805430998,
                -0.800780678474437,
                0.20056355651934896
            ],
            [
                0.21826524905790542,
                -0.969871990318591,
                0.10820630041335677,
                -0.7540078591826928,
                -0.23799165003123082,
