{
    "ximat": [
        [
            [
                1.0,
                0.0,
                0.0,
                0.0,
                1.0,
                0.0,
                0.0,
                0.0,
                1.0
            ],
            [
                0.9703659377072952,
                -0.18291921947789222,
                0.15789397101548977,
                -0.13188649622913504,
                -0.9484365397652489,
                -0.28822574859044736,
                0.20247444048532146,
                0.258860366189419,
                -0.9444550872150755
            ],
            [
                0.15789397101548963,
                -0.18291921947789214,
                -0.970365937707295,
                -0.28822574859044725,
                -0.9484365397652488,
                0.131886496229135,
                -0.9444550872150753,
                0.25886036618941893,
                -0.20247444048532137
            ],
            [
                0.2689324138992479,
                0.48586374138914235,
                -0.8316319988779103,
                -0.8729691175963822,
                -0.24185008083129886,
                -0.4235958665106264,
                -0.40694013869034584,
                0.839907711123811,
                0.35910271555286694
            ],
            [
                0.988065609804809,
                0.12874048168880892,
                0.08457091163978803,
                0.05129318540407971,
                -0.7927044668404181,
                0.6074443492060418,
                0.14524241753755712,
                -0.5958569598702214,
                -0.7898475318199482
            ],
            [
                0.9802064355095337,
                0.19581582328738287,
                0.029180595195757913,
                -0.0012005662480784607,
                0.15326948940006593,
                -0.9881836986409598,
                -0.19797449943459441,
                0.9685889876357916,
                0.1504708297454834
            ],
            [
                0.0296923948838964,
                -0.9736641243355392,
                0.22604542611600645,
                -0.9884983424712058,
                -0.06215256610750543,
                -0.13786981343982163,
                0.14828819446516237,
                -0.21935184409564545,
                -0.9643108315652699
            ],
            [
                -0.20261291840953255,
                -0.10452836110587577,
                0.9736641243355392,
                0.6770102558413678,
                -0.7333445111350181,
                0.062152566107505136,
                0.7075345353968091,
                0.6717735107256475,
                0.21935184409564568
            ],
            [
                0.26434358621293574,
                -0.8187822153039791,
                0.5096255020404622,
                0.7986613906126746,
                -0.11035971991035454,
                -0.5915747758026345,
                0.540613033113995,
                0.5633972099000998,
                0.624756858549044
            ],
            [
                0.9735913256856099,
                0.05753687289249959,
                0.22092858304775503,
                0.1908196672376034,
                -0.7363470354552148,
                -0.649138581484452,
                0.12533070312204725,
                0.6741532108015719,
                -0.7278802533527506
            ],
            [
                0.8373744180498275,
                -0.5459228568097224,
                -0.027790617273194762,
                0.4784220240102005,
                0.7565326272190138,
                -0.44583713494400723,
                0.26441719107822215,
                0.36003696805440555,
                0.8946825865615664
            ],
            [
                0.025733847467915072,
                -0.9929219569294747,
                -0.11594721446348377,
                -0.010823032044590175,
                0.11570209744159149,
                -0.993224992952241,
                0.9996102395793375,
                0.02681440088757331,
                -0.007768966030345187
            ],
            [
                0.11450908496898651,
                0.031522323945235964,
                0.9929219569294746,
                0.9925159095212273,
                0.039053732150305054,
                -0.11570209744159127,
                -0.042424507148777546,
                0.9987397804724834,
                -0.026814400887573253
            ],
            [
                -0.1666124904802757,
                -0.03306297450377822,
                0.985467968902553,
                0.20802754528110778,
                -0.9781201337542129,
                0.002354644125491065,
                0.9638282100147708,
                0.2053967956458999,
                0.16984504089940256
            ],
            [
                -0.40013310998166396,
                -0.19694853116389605,
                0.8950445633423986,
                0.04339121161090864,
                -0.9796116334141097,
                -0.19615873784941817,
                0.9154292419686726,
                -0.0396525377765823,
                0.40052088484439574
            ],
            [
                -0.4589044352471936,
                -0.34917649146005036,
                0.8169960202608725,
                0.04019578817155264,
                -0.9267553680414896,
                -0.37350875012448,
                0.8875759223433916,
                -0.1385650230683521,
                0.4393275730685989
            ],
            [
                0.7986142882598831,
                0.28875804172793257,
                0.5280473576532787,
                -0.5501099483551464,
                -0.005653450544878064,
                0.8350731005233222,
                0.24411936282863383,
                -0.9573854144671236,
                0.15433374503897598
            ],
            [
                0.8050171919127924,
                0.16919896310376129,
                0.5686114944401446,
                -0.5885368659681862,
                0.10717576078744695,
                0.8013349572407145,
                0.07464367435481609,
                -0.9797372439507668,
                0.18585815746038215
            ],
            [
                0.7792114472254538,
                0.11311370383404423,
                0.6164696347086032,
                -0.6250336001308292,
                0.06726205801528334,
                0.7776945507453706,
                0.04650289475193131,
                -0.9913027315389046,
                0.12311123110097638
            ],
            [
                0.7792114472254538,
                -0.10472505257297038,
                0.6179499849311458,
                -0.6250336001308293,
                -0.2029915031266728,
                0.7537422957257138,
                0.04650289475193131,
                -0.9735641288697747,
                -0.2236299795593789
            ],
            [
                0.6446692116044708,
                -0.47426173699251994,
                -0.5995643522042562,
                0.2596720548760696,
                -0.6018099989941657,
                0.7552450920244919,
                -0.7190076713955915,
                -0.6425733654108935,
                -0.2648158577933142
            ],
            [
                -0.5640359449603125,
                -0.6570669792784634,
                -0.5001264215521942,
                0.14529236741955337,
                -0.6751839109918671,
                0.7231990143158025,
                -0.8128675050476241,
                0.33524568763759227,
                0.4762948122308799
            ],
            [
                -0.6483049492746121,
                -0.705719749871643,
                0.2857627116807717,
                0.6794108174410327,
                -0.3668102375406168,
                0.6354928723278521,
                -0.34365918275254903,
                0.6061434518960851,
                0.7172785245867522
            ],
            [
                -0.7519059944081147,
                -0.5941187155661707,
                0.2857627116807717,
                0.6127306336109042,
                -0.469797807418549,
                0.6354928723278523,
                -0.2433075136692746,
                0.6529264674974722,
                0.7172785245867523
            ],
            [
                -0.4756781041816543,
                -0.03599730239771004,
                0.8788825492762014,
                0.8597735534410769,
                -0.23007238742557778,
                0.45591241850557035,
                0.18579498918283738,
                0.972507527356155,
                0.1403899256719181
            ],
            [
                -0.12390371371861332,
                -0.4866494455791267,
                -0.864765972297861,
                -0.27460857010570805,
                0.85426170034433,
                -0.4413922071687637,
                0.9535397227967143,
                0.18278201345412257,
                -0.2394843055534592
            ],
            [
                0.7337497736423054,
                -0.10006518724869645,
                0.672010586211816,
                0.6545841358007869,
                -0.16086526663467177,
                -0.7386758254799547,
                0.18201889692502302,
                0.9818906885654018,
                -0.05253376886116762
            ],
            [
                -0.5069407270558284,
                0.21958458119909888,
                0.8335428668951141,
                -0.3296998768706386,
                -0.9428713863962581,
                0.047870031404681615,
                0.796435239328092,
                -0.2505517120572434,
                0.5503769155238892
            ],
            [
                -0.5441234858320674,
                -0.8307158095802065,
                0.11764725189931853,
                0.799582490603781,
                -0.5559108648996187,
                -0.22722445072309466,
                0.25416032909526687,
                -0.029569477507379552,
                0.966709973629178
            ],
            [
                -0.603085770411757,
                -0.7966701565280749,
                0.04005265564716032,
                0.6787707843308908,
                -0.48616477888224496,
                0.5503762623089816,
                -0.4189961525666848,
                0.35911066465911357,
                0.8339554872188353
            ],
            [
                -0.4671912268273421,
                -0.8832495964980766,
                0.04003133599504477,
                0.748085137820714,
                -0.3707520594358762,
                0.5503739973834341,
                -0.47127591084981907,
                0.2870767505564353,
                0.8339580056229641
            ],
            [
                -0.36405166190655636,
                -0.6788025787563639,
                0.6377252124048292,
                0.9280652846593715,
                -0.3220873863321857,
                0.18696134085906774,
                0.07849340655872666,
                0.6599142176369679,
                0.7472295567544117
            ],
            [
                -0.7323016733584232,
                -0.35674704055305984,
                -0.5800567284784192,
                -0.33729392446299444,
                0.9299871140626224,
                -0.1461395777940618,
                0.5915801447959564,
                0.08863135299716668,
                -0.8013597291785297
            ],
            [
                -0.4360534261655442,
                -0.6881759880459304,
                -0.5798889712749304,
                0.8998724192630669,
                -0.3401155600259992,
                -0.27304035393662157,
                -0.009329446871328473,
                -0.6408862733006597,
                0.7675791464831928
            ]
        ],
        [
            [
                1.0,
                0.0,
                0.0,
                0.0,
                1.0,
                0.0,
                0.0,
                0.0,
                1.0
            ],
            [
                0.899251166718279,
                -0.2625530833556492,
                0.34987600314433653,
                -0.2946672116960387,
                -0.9547237466672811,
                0.04091212413052369,
                0.3232933242538363,
                -0.13988726164319257,
                -0.9359022280788059
            ],
            [
                0.34987600314433637,
                -0.2625530833556491,
                -0.8992511667182789,
                0.04091212413052368,
                -0.9547237466672809,
                0.2946672116960386,
                -0.9359022280788057,
                -0.1398872616431925,
                -0.3232933242538362
            ],
            [
                0.3246615914113688,
                0.28529030367106967,
                -0.901778406091822,
                -0.7017209017032736,
                -0.5666177283564309,
                -0.43189365129038804,
                -0.6341787028708729,
                0.773016036407698,
                0.016235155729170225
            ],
            [
                0.9487871686778233,
                0.28488386814481426,
                0.13654336389282518,
                -0.027985570984436964,
                -0.3547222068963504,
                0.9345528148538521,
                0.3146739842583042,
                -0.8905129631877525,
                -0.3285832406340496
            ],
            [
                0.9870217735316695,
                0.062248605188396235,
                0.14803084045730938,
                0.1587302919904329,
                -0.5179311782306644,
                -0.8405664691273548,
                0.024345697341216783,
                0.8531543856587128,
                -0.5210900893821289
            ],
            [
                0.2095809695344212,
                -0.9173122105625655,
                0.338547080273679,
                -0.735535287258752,
                0.08022679442836914,
                0.6727194828849058,
                -0.6442543429470995,
                -0.39000252538742497,
                -0.6579014909431606
            ],
            [
                -0.38062797639816615,
                -0.11687879164270065,
                0.9173122105625648,
                0.11083417323218736,
                -0.9905955014533863,
                -0.08022679442836901,
                0.9180621600016932,
                0.07113297803731027,
                0.39000252538742486
            ],
            [
                0.16463242200215256,
                -0.9241707712609978,
                0.34468036087447507,
                0.5303402405981311,
                -0.21169952217315183,
                -0.8209278540249296,
                0.8316461957034507,
                0.31794920641277336,
                0.45527234411225337
            ],
            [
                0.9584304504472494,
                0.1744383834653462,
                0.22579265273582455,
                0.26517828126465687,
                -0.83666818195604,
                -0.4792356752662497,
                0.10531643177114557,
                0.5191893716904966,
                -0.8481455332209338
            ],
            [
                0.8040534987274958,
                -0.5931437882282694,
                0.040968496070651714,
                0.5325583206162522,
                0.6878609261770349,
                -0.49318250311752637,
                0.26434751053579114,
                0.4183632306083909,
                0.8689606440733896
            ],
            [
                0.07718437623521371,
                -0.9955591024417028,
                -0.05389476422299794,
                -0.005567404608806725,
                0.05362480715734716,
                -0.9985456344420417,
                0.9970012919104485,
                0.07737217589553025,
                -0.0014036830440999626
            ],
            [
                0.053981622355634556,
                0.07712365391580711,
                0.9955591024417028,
                0.9985387340300531,
                -0.006691539359237997,
                -0.05362480715734713,
                0.002526081849931139,
                0.9969990798930954,
                -0.07737217589553022
            ],
            [
                -0.28363379058944543,
                -0.12196024056323802,
                0.9511454003240614,
                0.005118968109400504,
                -0.9920576628637938,
                -0.12567971084754054,
                0.9589190106580205,
                -0.03077812981621153,
                0.2820053859834221
            ],
            [
                -0.5191502865793716,
                -0.26523563579875187,
                0.8124857152264207,
                -0.07013923497585606,
                -0.9342003665231016,
                -0.34978588151196804,
                0.8518001336355601,
                -0.23857856712314868,
                0.4663869634197628
            ],
            [
                -0.5463612270868001,
                -0.4195529264589808,
                0.7248894753242808,
                -0.038833300080406086,
                -0.8518679208529705,
                -0.5223150583953161,
                0.836648901476044,
                -0.3135225467511745,
                0.4491349778603159
            ],
            [
                0.6426797369892766,
                0.4275387440621841,
                0.635746315749548,
                -0.7406947734380602,
                0.13467265303370493,
                0.6582055371435306,
                0.1957907256867253,
                -0.893909334804483,
                0.403227098400482
            ],
            [
                0.7221723984384528,
                0.3516262104185911,
                0.5956727583835886,
                -0.6904718916307372,
                0.3148852297443646,
                0.6512264267954043,
                0.041419727202432366,
                -0.8815930468393561,
                0.47018943625200327
            ],
            [
                0.7192465835144068,
                0.2876499642094057,
                0.6324095589040235,
                -0.6945082856699688,
                0.2734338652352413,
                0.6655014368716851,
                0.018509274394607034,
                -0.9178733133896225,
                0.3964416569036882
            ],
            [
                0.7192465835144066,
                0.05381280191417165,
                0.6926676941023017,
                -0.6945082856699687,
                0.029128643305220317,
                0.7188948207317664,
                0.018509274394607145,
                -0.9981260964874846,
                0.0583241139841985
            ],
            [
                0.7517042158194396,
                -0.45882396124203734,
                -0.4737312999047538,
                0.2762546201848823,
                -0.433196723834035,
                0.8579184012981458,
                -0.5988523664024288,
                -0.7757713394097678,
                -0.19888356444057137
            ],
            [
                -0.5076856925244296,
                -0.8346188816329402,
                -0.2136973561553141,
                0.39204864853592347,
                -0.4446760206563386,
                0.8053329086995018,
                -0.7671721415609061,
                0.3250762357894288,
                0.5529668580826788
            ],
            [
                -0.4575443720232877,
                -0.8056697539740623,
                0.3762305080149519,
                0.8101287448946124,
                -0.2032971746235962,
                0.5498742360627044,
                -0.36653044119867456,
                0.5563870112803105,
                0.7457137046838203
            ],
            [
                -0.46639426152506314,
                -0.8005791638903065,
                0.376230508014952,
                0.8078394315782805,
                -0.21221163328559,
                0.5498742360627046,
                -0.3603773655541808,
                0.5603920279973299,
                0.7457137046838206
            ],
            [
                -0.182240255967115,
                -0.22834943954230252,
                0.9563707558085186,
                0.9771187110448776,
                -0.15054737502475105,
                0.1502481693703931,
                0.10967002156942335,
                0.9618690250412857,
                0.2505603021930827
            ],
            [
                -0.2666329237080212,
                -0.19419031801392478,
                -0.9440323110913966,
                -0.15646900073906933,
                0.9752192652755259,
                -0.15641239223022138,
                0.9510122690074139,
                0.10600709893735535,
                -0.29041032896964275
            ],
            [
                0.9160300087669904,
                -0.2410011857937648,
                0.3206360108976326,
                0.3014178494953211,
                -0.11381760543579106,
                -0.946674618175896,
                0.26464372851810325,
                0.9638277756626761,
                -0.0316182829574066
            ],
            [
                -0.6022899166068638,
                0.1659517742160744,
                0.780837284578698,
                -0.3937598898208581,
                -0.9126369032459206,
                -0.10975897230733528,
                0.6944062251463211,
                -0.37356912542156606,
                0.6150171566792292
            ],
            [
                -0.3997285912382179,
                -0.9156789017794955,
                -0.04182346449789853,
                0.8472031068464021,
                -0.3516469879562185,
                -0.398235221459784,
                0.34994849491962926,
                -0.194618973117259,
                0.9163293655701917
            ],
            [
                -0.41421203449758376,
                -0.9073171754463195,
                0.07213829508301833,
                0.7715390579981939,
                -0.30796658415276174,
                0.5566723138692449,
                -0.48286216714568925,
                0.2862378839102052,
                0.8275941042286223
            ],
            [
                -0.40488983045459737,
                -0.9115170818350375,
                0.07211681300075137,
                0.7746499639353357,
                -0.3000517658609365,
                0.5566743852367535,
                -0.48577943407418056,
                0.2812570840470897,
                0.8275945831769911
            ],
            [
                -0.2730574220730774,
                -0.6784660502201081,
                0.6819996062678714,
                0.9529429336277944,
                -0.28780650151286974,
                0.09522175663038407,
                0.13167919159707353,
                0.6759077129206685,
                0.7251271296225876
            ],
            [
                -0.6823650984621699,
                -0.2644630176926025,
                -0.681496283682924,
                -0.28834771869978737,
                0.954049701196326,
                -0.08151540202826728,
                0.6717391350229213,
                0.14088463337115223,
                -0.7272675261267578
            ],
            [
                -0.30258113528575675,
                -0.722845335762252,
                -0.6212401123043643,
                0.9478752396125074,
                -0.15990578935897998,
                -0.27561325922207125,
                0.09988586836341601,
                -0.6722534931826223,
                0.7335516711214334
            ]
        ],
        [
            [
                1.0,
                0.0,
                0.0,
                0.0,
                1.0,
                0.0,
                0.0,
                0.0,
                1.0
            ],
            [
                0.8424165042353532,
                -0.2402801704192125,
                0.482286090505627,
                -0.4107517592290367,
                -0.8656695443753876,
                0.2861804190212201,
                0.34873690037353255,
                -0.4391829682993454,
                -0.827949814103269
            ],
            [
                0.4822860905056269,
                -0.2402801704192125,
                -0.8424165042353531,
                0.2861804190212201,
                -0.8656695443753873,
                0.41075175922903656,
                -0.8279498141032688,
                -0.4391829682993453,
                -0.3487369003735322
            ],
            [
                0.41279683332680117,
                0.16934141994488083,
                -0.8949426003305561,
                -0.5094510638425258,
                -0.7715645280987626,
                -0.3809826669672165,
                -0.755022110898141,
                0.6131978982928642,
                -0.23222822736293336
            ],
            [
                0.9157788693692068,
                0.37582194219935094,
                0.1417989075358656,
                -0.16507305468354583,
                0.030287634606660646,
                0.985816182565176,
                0.3661965988841244,
                -0.9261968078931394,
                0.08977485179190522
            ],
            [
                0.9637618846843362,
                0.029644857854899252,
                0.26511169727580697,
                0.147374846749777,
                -0.887548670058581,
                -0.4365066011215916,
                0.22235935819114078,
                0.4597592203316942,
                -0.8597544853880187
            ],
            [
                0.33558052592599186,
                -0.902456177064151,
                0.2701084210053312,
                -0.2249697896691581,
                0.20166124918858974,
                0.9532687628952882,
                -0.9147536850734466,
                -0.38066466746265804,
                -0.13535178827815508
            ],
            [
                -0.428076495115915,
                0.04820127392540913,
                0.9024561770641507,
                -0.5186876873473871,
                -0.8308404320746052,
                -0.20166124918858971,
                0.740076750968096,
                -0.554419348167117,
                0.38066466746265787
            ],
            [
                0.04242774733409438,
                -0.9607718751276368,
                0.274075336759584,
                0.2693312862764396,
                -0.25316819535953294,
                -0.9291751842850069,
                0.9621125425275534,
                0.11323987293406185,
                0.2480245687206102
            ],
            [
                0.898658900067516,
                0.39717601910571176,
                0.18618107094111883,
                0.42865965474045,
                -0.8852277599390108,
                -0.18061758893075655,
                0.09307567742026288,
                0.2421219173901876,
                -0.965771140277063
            ],
            [
                0.6968740515109199,
                -0.7128562876885359,
                0.07875575809853361,
                0.685258721153437,
                0.6294142747144632,
                -0.3664125487327392,
                0.21162949088893904,
                0.30931146743789695,
                0.9271134637667081
            ],
            [
                0.0435771689311556,
                -0.9935455338043027,
                0.10472966440063414,
                -0.004189977105862386,
                -0.10501007751691632,
                -0.9944623309667109,
                0.9990412776456228,
                0.04289703809606382,
                -0.00873897492770026
            ],
            [
                -0.10416860847032844,
                0.04490181807988819,
                0.9935455338043027,
                0.9943292237337871,
                -0.016801144272227786,
                0.10501007751691643,
                0.021407845251693258,
                0.9988501130221015,
                -0.04289703809606371
            ],
            [
                -0.40535845925585223,
                -0.18293045987379122,
                0.8956678884274492,
                -0.23124303689573703,
                -0.9273902376311344,
                -0.29406462730785143,
                0.8844270333933484,
                -0.3263185468171125,
                0.33362408277312594
            ],
            [
                -0.5971173868069404,
                -0.336686998139674,
                0.7280746470359651,
                -0.1602756260968738,
                -0.8392701972152392,
                -0.5195548669250899,
                0.7859787211191567,
                -0.42692786434008717,
                0.44718010756059606
            ],
            [
                -0.572785369549365,
                -0.5278614423032115,
                0.6271197797548499,
                -0.056101718192826805,
                -0.7380163182870805,
                -0.6724466604555309,
                0.8177832950397134,
                -0.42035010606821166,
                0.3931110157225731
            ],
            [
                0.509035575064974,
                0.46540944760696784,
                0.7240696302127632,
                -0.8538752884414489,
                0.16696960447626208,
                0.492968703844445,
                0.10853467237386777,
                -0.8692037720001087,
                0.4823950949517206
            ],
            [
                0.6335668299668298,
                0.4070477902347468,
                0.6579552936414385,
                -0.77362414189136,
                0.3442239325459533,
                0.5319920782732163,
                -0.009937758733180257,
                -0.8460626340452629,
                0.5329908631709859
            ],
            [
                0.6743379593076981,
                0.31140163524767744,
                0.6695501013380563,
                -0.7383526766108706,
                0.29685010768238507,
                0.6055702589382338,
                -0.010180450790228335,
                -0.9027231220778765,
                0.4301015267209347
            ],
            [
                0.6743379593076984,
                0.06341727360022792,
                0.7356946146641574,
                -0.7383526766108708,
                0.07164383805157029,
                0.6705986023030497,
                -0.01018045079022839,
                -0.995412180897117,
                0.09513647325475935
            ],
            [
                0.813878804161437,
                -0.4854896261311104,
                -0.31921954052943635,
                0.2127971058780243,
                -0.2621683836808433,
                0.9412678313466957,
                -0.540665038509692,
                -0.8340069313364543,
                -0.11006250322459712
            ],
            [
                -0.44251091958728916,
                -0.8967597840692733,
                -0.00244452900220804,
                0.5567023225301361,
                -0.27684278004725865,
                0.7832244883973292,
                -0.7030409732978332,
                0.3452245136309646,
                0.6217342077228016
            ],
            [
                -0.3363536827755123,
                -0.8354698266117737,
                0.4345760795357269,
                0.8685240332246145,
                -0.09681228983512985,
                0.486100179230709,
                -0.36404972709040534,
                0.540941354823396,
                0.7581887936703033
            ],
            [
                -0.3394556816549498,
                -0.834214283794956,
                0.43457607953572713,
                0.8681583163003386,
                -0.10003876044031074,
                0.4861001792307094,
                -0.36203726055578184,
                0.5422903052074926,
                0.7581887936703036
            ],
            [
                -0.04428115835456298,
                -0.2977485788155529,
                0.9536167798587107,
                0.9923837090984389,
                -0.12294459378069206,
                0.0076942040605736395,
                0.11495108929802828,
                0.9466944653231154,
                0.3009249680498074
            ],
            [
                -0.3290948210662955,
                -0.056202375000402274,
                -0.9426228788819302,
                -0.12313169126384242,
                0.9922585410435278,
                -0.0161732598036435,
                0.936234578166097,
                0.11074421325958533,
                -0.3334674405030673
            ],
            [
                0.9413979743691259,
                -0.30071263158102335,
                0.15278012652606915,
                0.1268124216653896,
                -0.10417787605838238,
                -0.9864408648526901,
                0.31255153745432995,
                0.9480078498343669,
                -0.059938744459277354
            ],
            [
                -0.6723695468800545,
                0.049677258001239594,
                0.738546790979278,
                -0.381458793057431,
                -0.8783108427231535,
                -0.28820002212719004,
                0.6343566675203147,
                -0.4755020857918744,
                0.6094992902211607
            ],
            [
                -0.31279925781890083,
                -0.9320595436240733,
                -0.18281584025250472,
                0.8715034825099208,
                -0.20510822381333815,
                -0.44543495203813777,
                0.37767486583174337,
                -0.2986563638421623,
                0.8764508383563524
            ],
            [
                -0.2624560814784413,
                -0.9611286717492287,
                0.08572328526454115,
                0.8196582998441404,
                -0.17517939412426492,
                0.5454103513602114,
                -0.5091925733861362,
                0.2134100658727689,
                0.8337739903550514
            ],
            [
                -0.2787820569674997,
                -0.9565226990470278,
                0.08570233906235869,
                0.8165513200299049,
                -0.1891188551736126,
                0.5454154383359923,
                -0.5054943189298868,
                0.2220323958921578,
                0.8337728160020562
            ],
            [
                -0.17267878064083736,
                -0.7371955731659084,
                0.653241705359495,
                0.9807247288614623,
                -0.1902487635181978,
                0.044546763961121616,
                0.0914387495321573,
                0.6483425752519916,
                0.7558378531137553
            ],
            [
                -0.7240601060549555,
                -0.1642229501651772,
                -0.6699013251656794,
                -0.18932533446947994,
                0.9812572339666014,
                -0.03591877665282153,
                0.6632442088308854,
                0.10082193921593383,
                -0.7415807818606363
            ],
            [
                -0.1975543420865037,
                -0.7007508012126741,
                -0.6855075466561719,
                0.9783011623952503,
                -0.09638921736419137,
                -0.18340107532950933,
                0.062442914560984275,
                -0.7068645084991279,
                0.7045874317963781
            ]
        ],
        [
            [
                1.0,
                0.0,
                0.0,
                0.0,
                1.0,
                0.0,
                0.0,
                0.0,
                1.0
            ],
            [
                0.7593207458385287,
                -0.14934843289471456,
                0.6333459169609552,
                -0.5264816978263295,
                -0.7130123021879671,
                0.4630663870143466,
                0.3824251911068697,
                -0.6850609480334637,
                -0.6200342496075246
            ],
            [
                0.6333459169609551,
                -0.1493484328947145,
                -0.7593207458385285,
                0.4630663870143465,
                -0.7130123021879667,
                0.5264816978263294,
                -0.6200342496075244,
                -0.6850609480334635,
                -0.38242519110686957
            ],
            [
                0.5521077518708735,
                0.048219141126362774,
                -0.8323772851016094,
                -0.32063674468495007,
                -0.9092755154060181,
                -0.26534904379130203,
                -0.7696551879133462,
                0.41339200707337836,
                -0.4865572321997853
            ],
            [
                0.8416592593561524,
                0.517314478173775,
                0.15490455710484569,
                -0.36557180515861915,
                0.33470760968193425,
                0.8685206222618292,
                0.3974505584511388,
                -0.7876271622365504,
                0.4708253464864408
            ],
            [
                0.8900842142609958,
                0.01536132889988571,
                0.45553717861203774,
                -0.026520852507794956,
                -0.9959932094944984,
                0.08540591913391216,
                0.455023884983685,
                -0.08809969475133322,
                -0.8861104377441203
            ],
            [
                0.5203727810227707,
                -0.8253470784938519,
                0.21912181268027897,
                0.2928652043290207,
                0.4135289729671961,
                0.8621042631897938,
                -0.8021484531331771,
                -0.3844424385241044,
                0.45690466248189215
            ],
            [
                -0.49014897168377836,
                0.28027876405285973,
                0.8253470784938519,
                -0.8627334184920401,
                -0.29100659293860465,
                -0.41352897296719626,
                0.12427805186103263,
                -0.914745307332739,
                0.3844424385241044
            ],
            [
                -0.1453777118601613,
                -0.9641445514792479,
                0.2220148750583703,
                0.013864202903947853,
                -0.22636203893005608,
                -0.9739445626981373,
                0.9892790833592622,
                -0.13851177272819665,
                0.04627509096209642
            ],
            [
                0.731918615882946,
                0.6799002651982788,
                0.04506405560203481,
                0.6711540478044471,
                -0.7307645141353916,
                0.12464136149838694,
                0.11767490743441902,
                -0.06098240946187493,
                -0.9911779668134908
            ],
            [
                0.45556018039603935,
                -0.8883442425645934,
                0.05752763457563002,
                0.8713813635287698,
                0.4317760954300642,
                -0.2329461798568721,
